sources               : 85 directories, 17 builds: 2002H2-E, 2004H2-E, 2004H2-R, 2006H2-E, 2006H2-R, 2008H2-E, 2008H2-R, 2010H2-E, 2010H2-R, 2012H2-E, 2012H2-R, 2014H2-E, 2014H2-R, 2016H2-E, 2016H2-R, 2018H2-E, 2018H2-R
context cells         : 289, 22,714,850 rows
context check         : 51 context draws, 204 model pairs with identical rows and outcomes
per-cell bootstrap    : 200 resamples per cell in 19s
known answer          : 85 of 85 fitted-model cells read one inside their bootstrap interval
known answer, Cox     : 17 of 17 scorecard pool cells read slope one and intercept zero within 0.0001

per cell (rows, realised rate, mean probability, O/E [binomial] [bootstrap]):
  2002H2-E  scorecard              79,511 0.0120 0.0120 1.000 [0.938, 1.065] [0.945, 1.056]
  2002H2-E  gbm                    79,511 0.0120 0.0120 0.994 [0.932, 1.058] [0.937, 1.047]
  2002H2-E  gbm-50k/20260911       50,000 0.0122 0.0123 0.994 [0.917, 1.076] [0.920, 1.067]
  2002H2-E  gbm-50k/20260912       50,000 0.0119 0.0119 0.993 [0.915, 1.076] [0.914, 1.058]
  2002H2-E  gbm-50k/20260913       50,000 0.0121 0.0122 0.997 [0.920, 1.079] [0.917, 1.099]
  2002H2-E  tabpfn/20260911        50,000 0.0122 0.0086 1.426 [1.316, 1.543] [1.319, 1.525]
  2002H2-E  tabpfn/20260912        50,000 0.0119 0.0083 1.433 [1.321, 1.552] [1.313, 1.529]
  2002H2-E  tabpfn/20260913        50,000 0.0121 0.0085 1.425 [1.315, 1.542] [1.311, 1.568]
  2002H2-E  tabpfn@t1/20260911     50,000 0.0122 0.0124 0.984 [0.908, 1.064] [0.911, 1.053]
  2002H2-E  tabpfn@t1/20260912     50,000 0.0119 0.0121 0.979 [0.902, 1.061] [0.897, 1.045]
  2002H2-E  tabpfn@t1/20260913     50,000 0.0121 0.0124 0.977 [0.901, 1.057] [0.900, 1.075]
  2002H2-E  tabicl/20260911        50,000 0.0122 0.0096 1.275 [1.176, 1.379] [1.180, 1.365]
  2002H2-E  tabicl/20260912        50,000 0.0119 0.0081 1.460 [1.345, 1.582] [1.339, 1.560]
  2002H2-E  tabicl/20260913        50,000 0.0121 0.0111 1.089 [1.005, 1.179] [1.002, 1.195]
  2002H2-E  tabicl@t1/20260911     50,000 0.0122 0.0138 0.883 [0.815, 0.955] [0.818, 0.946]
  2002H2-E  tabicl@t1/20260912     50,000 0.0119 0.0120 0.991 [0.913, 1.073] [0.908, 1.059]
  2002H2-E  tabicl@t1/20260913     50,000 0.0121 0.0159 0.766 [0.706, 0.829] [0.705, 0.841]
  2004H2-E  scorecard             176,092 0.0118 0.0118 1.000 [0.958, 1.044] [0.956, 1.040]
  2004H2-E  gbm                   176,092 0.0118 0.0118 0.999 [0.957, 1.042] [0.956, 1.037]
  2004H2-E  gbm-50k/20260911       50,000 0.0126 0.0127 0.996 [0.921, 1.077] [0.914, 1.069]
  2004H2-E  gbm-50k/20260912       50,000 0.0119 0.0119 0.995 [0.917, 1.078] [0.920, 1.061]
  2004H2-E  gbm-50k/20260913       50,000 0.0119 0.0120 0.994 [0.916, 1.076] [0.907, 1.071]
  2004H2-E  tabpfn/20260911        50,000 0.0126 0.0089 1.416 [1.308, 1.530] [1.301, 1.525]
  2004H2-E  tabpfn/20260912        50,000 0.0119 0.0084 1.414 [1.303, 1.532] [1.303, 1.511]
  2004H2-E  tabpfn/20260913        50,000 0.0119 0.0084 1.410 [1.300, 1.528] [1.286, 1.521]
  2004H2-E  tabpfn@t1/20260911     50,000 0.0126 0.0129 0.980 [0.906, 1.059] [0.901, 1.056]
  2004H2-E  tabpfn@t1/20260912     50,000 0.0119 0.0121 0.984 [0.907, 1.066] [0.906, 1.049]
  2004H2-E  tabpfn@t1/20260913     50,000 0.0119 0.0121 0.982 [0.905, 1.063] [0.895, 1.059]
  2004H2-E  tabicl/20260911        50,000 0.0126 0.0090 1.403 [1.296, 1.516] [1.288, 1.510]
  2004H2-E  tabicl/20260912        50,000 0.0119 0.0081 1.468 [1.353, 1.590] [1.354, 1.568]
  2004H2-E  tabicl/20260913        50,000 0.0119 0.0081 1.469 [1.354, 1.591] [1.339, 1.583]
  2004H2-E  tabicl@t1/20260911     50,000 0.0126 0.0130 0.972 [0.898, 1.051] [0.893, 1.048]
  2004H2-E  tabicl@t1/20260912     50,000 0.0119 0.0116 1.020 [0.940, 1.105] [0.939, 1.087]
  2004H2-E  tabicl@t1/20260913     50,000 0.0119 0.0117 1.016 [0.936, 1.100] [0.926, 1.095]
  2006H2-E  scorecard             272,936 0.0096 0.0096 1.000 [0.962, 1.039] [0.968, 1.033]
  2006H2-E  gbm                   272,936 0.0096 0.0096 0.998 [0.960, 1.037] [0.967, 1.031]
  2006H2-E  gbm-50k/20260911       50,000 0.0095 0.0095 0.993 [0.906, 1.086] [0.910, 1.093]
  2006H2-E  gbm-50k/20260912       50,000 0.0093 0.0093 0.991 [0.903, 1.085] [0.919, 1.069]
  2006H2-E  gbm-50k/20260913       50,000 0.0089 0.0090 0.988 [0.899, 1.084] [0.903, 1.076]
  2006H2-E  tabpfn/20260911        50,000 0.0095 0.0066 1.441 [1.315, 1.576] [1.321, 1.593]
  2006H2-E  tabpfn/20260912        50,000 0.0093 0.0064 1.437 [1.309, 1.573] [1.331, 1.548]
  2006H2-E  tabpfn/20260913        50,000 0.0089 0.0061 1.454 [1.323, 1.596] [1.332, 1.584]
  2006H2-E  tabpfn@t1/20260911     50,000 0.0095 0.0097 0.979 [0.893, 1.071] [0.898, 1.080]
  2006H2-E  tabpfn@t1/20260912     50,000 0.0093 0.0095 0.979 [0.893, 1.072] [0.906, 1.056]
  2006H2-E  tabpfn@t1/20260913     50,000 0.0089 0.0091 0.977 [0.888, 1.072] [0.896, 1.066]
  2006H2-E  tabicl/20260911        50,000 0.0095 0.0062 1.524 [1.391, 1.667] [1.397, 1.686]
  2006H2-E  tabicl/20260912        50,000 0.0093 0.0061 1.511 [1.377, 1.654] [1.400, 1.628]
  2006H2-E  tabicl/20260913        50,000 0.0089 0.0064 1.385 [1.260, 1.520] [1.269, 1.509]
  2006H2-E  tabicl@t1/20260911     50,000 0.0095 0.0092 1.027 [0.937, 1.124] [0.943, 1.134]
  2006H2-E  tabicl@t1/20260912     50,000 0.0093 0.0091 1.021 [0.930, 1.118] [0.945, 1.100]
  2006H2-E  tabicl@t1/20260913     50,000 0.0089 0.0095 0.933 [0.849, 1.024] [0.856, 1.019]
  2008H2-E  scorecard             368,551 0.0104 0.0104 1.000 [0.969, 1.032] [0.965, 1.026]
  2008H2-E  gbm                   368,551 0.0104 0.0104 0.999 [0.968, 1.031] [0.965, 1.025]
  2008H2-E  gbm-50k/20260911       50,000 0.0105 0.0106 0.997 [0.914, 1.085] [0.922, 1.088]
  2008H2-E  gbm-50k/20260912       50,000 0.0110 0.0111 0.995 [0.914, 1.081] [0.915, 1.076]
  2008H2-E  gbm-50k/20260913       50,000 0.0107 0.0108 0.994 [0.912, 1.081] [0.910, 1.075]
  2008H2-E  tabpfn/20260911        50,000 0.0105 0.0073 1.450 [1.329, 1.578] [1.343, 1.580]
  2008H2-E  tabpfn/20260912        50,000 0.0110 0.0077 1.437 [1.320, 1.561] [1.321, 1.555]
  2008H2-E  tabpfn/20260913        50,000 0.0107 0.0074 1.439 [1.320, 1.565] [1.305, 1.556]
  2008H2-E  tabpfn@t1/20260911     50,000 0.0105 0.0107 0.985 [0.903, 1.072] [0.913, 1.072]
  2008H2-E  tabpfn@t1/20260912     50,000 0.0110 0.0112 0.982 [0.902, 1.067] [0.906, 1.063]
  2008H2-E  tabpfn@t1/20260913     50,000 0.0107 0.0109 0.983 [0.902, 1.070] [0.894, 1.063]
  2008H2-E  tabicl/20260911        50,000 0.0105 0.0072 1.460 [1.339, 1.589] [1.352, 1.594]
  2008H2-E  tabicl/20260912        50,000 0.0110 0.0086 1.277 [1.173, 1.388] [1.175, 1.386]
  2008H2-E  tabicl/20260913        50,000 0.0107 0.0072 1.484 [1.362, 1.615] [1.350, 1.607]
  2008H2-E  tabicl@t1/20260911     50,000 0.0105 0.0106 0.994 [0.912, 1.082] [0.920, 1.084]
  2008H2-E  tabicl@t1/20260912     50,000 0.0110 0.0125 0.883 [0.811, 0.959] [0.814, 0.957]
  2008H2-E  tabicl@t1/20260913     50,000 0.0107 0.0106 1.013 [0.929, 1.102] [0.922, 1.093]
  2010H2-E  scorecard             465,066 0.0176 0.0176 1.000 [0.979, 1.022] [0.979, 1.021]
  2010H2-E  gbm                   465,066 0.0176 0.0176 1.000 [0.978, 1.021] [0.979, 1.020]
  2010H2-E  gbm-50k/20260911       50,000 0.0172 0.0174 0.990 [0.925, 1.058] [0.926, 1.047]
  2010H2-E  gbm-50k/20260912       50,000 0.0168 0.0169 0.993 [0.928, 1.062] [0.933, 1.057]
  2010H2-E  gbm-50k/20260913       50,000 0.0178 0.0179 0.993 [0.929, 1.060] [0.934, 1.051]
  2010H2-E  tabpfn/20260911        50,000 0.0172 0.0124 1.382 [1.292, 1.477] [1.294, 1.458]
  2010H2-E  tabpfn/20260912        50,000 0.0168 0.0119 1.405 [1.312, 1.502] [1.313, 1.493]
  2010H2-E  tabpfn/20260913        50,000 0.0178 0.0127 1.400 [1.310, 1.494] [1.313, 1.480]
  2010H2-E  tabpfn@t1/20260911     50,000 0.0172 0.0173 0.995 [0.931, 1.064] [0.934, 1.052]
  2010H2-E  tabpfn@t1/20260912     50,000 0.0168 0.0169 0.996 [0.930, 1.065] [0.932, 1.057]
  2010H2-E  tabpfn@t1/20260913     50,000 0.0178 0.0177 1.005 [0.941, 1.073] [0.943, 1.063]
  2010H2-E  tabicl/20260911        50,000 0.0172 0.0125 1.371 [1.281, 1.465] [1.283, 1.448]
  2010H2-E  tabicl/20260912        50,000 0.0168 0.0119 1.412 [1.319, 1.510] [1.321, 1.501]
  2010H2-E  tabicl/20260913        50,000 0.0178 0.0129 1.382 [1.294, 1.475] [1.298, 1.461]
  2010H2-E  tabicl@t1/20260911     50,000 0.0172 0.0175 0.984 [0.920, 1.051] [0.924, 1.041]
  2010H2-E  tabicl@t1/20260912     50,000 0.0168 0.0168 1.000 [0.934, 1.069] [0.936, 1.061]
  2010H2-E  tabicl@t1/20260913     50,000 0.0178 0.0179 0.993 [0.929, 1.060] [0.932, 1.051]
  2012H2-E  scorecard             564,228 0.0161 0.0161 1.000 [0.980, 1.021] [0.978, 1.019]
  2012H2-E  gbm                   564,228 0.0161 0.0161 0.999 [0.979, 1.020] [0.977, 1.018]
  2012H2-E  gbm-50k/20260911       50,000 0.0153 0.0154 0.997 [0.928, 1.069] [0.933, 1.058]
  2012H2-E  gbm-50k/20260912       50,000 0.0164 0.0165 0.995 [0.929, 1.065] [0.935, 1.056]
  2012H2-E  gbm-50k/20260913       50,000 0.0160 0.0161 0.995 [0.928, 1.066] [0.927, 1.052]
  2012H2-E  tabpfn/20260911        50,000 0.0153 0.0109 1.403 [1.306, 1.505] [1.311, 1.493]
  2012H2-E  tabpfn/20260912        50,000 0.0164 0.0118 1.390 [1.297, 1.488] [1.305, 1.476]
  2012H2-E  tabpfn/20260913        50,000 0.0160 0.0114 1.401 [1.306, 1.501] [1.306, 1.481]
  2012H2-E  tabpfn@t1/20260911     50,000 0.0153 0.0152 1.004 [0.934, 1.077] [0.938, 1.067]
  2012H2-E  tabpfn@t1/20260912     50,000 0.0164 0.0165 0.995 [0.928, 1.065] [0.934, 1.057]
  2012H2-E  tabpfn@t1/20260913     50,000 0.0160 0.0160 0.998 [0.931, 1.069] [0.931, 1.055]
  2012H2-E  tabicl/20260911        50,000 0.0153 0.0111 1.380 [1.284, 1.480] [1.290, 1.468]
  2012H2-E  tabicl/20260912        50,000 0.0164 0.0120 1.375 [1.283, 1.472] [1.292, 1.464]
  2012H2-E  tabicl/20260913        50,000 0.0160 0.0117 1.368 [1.276, 1.466] [1.277, 1.446]
  2012H2-E  tabicl@t1/20260911     50,000 0.0153 0.0155 0.988 [0.920, 1.060] [0.924, 1.050]
  2012H2-E  tabicl@t1/20260912     50,000 0.0164 0.0167 0.984 [0.918, 1.052] [0.924, 1.048]
  2012H2-E  tabicl@t1/20260913     50,000 0.0160 0.0164 0.975 [0.909, 1.044] [0.910, 1.031]
  2014H2-E  scorecard             662,396 0.0146 0.0146 1.000 [0.980, 1.020] [0.981, 1.021]
  2014H2-E  gbm                   662,396 0.0146 0.0146 1.000 [0.980, 1.020] [0.981, 1.020]
  2014H2-E  gbm-50k/20260911       50,000 0.0144 0.0144 0.998 [0.927, 1.073] [0.939, 1.069]
  2014H2-E  gbm-50k/20260912       50,000 0.0147 0.0148 0.996 [0.926, 1.070] [0.918, 1.060]
  2014H2-E  gbm-50k/20260913       50,000 0.0146 0.0146 0.998 [0.928, 1.073] [0.936, 1.064]
  2014H2-E  tabpfn/20260911        50,000 0.0144 0.0103 1.395 [1.295, 1.500] [1.308, 1.488]
  2014H2-E  tabpfn/20260912        50,000 0.0147 0.0104 1.416 [1.316, 1.522] [1.311, 1.506]
  2014H2-E  tabpfn/20260913        50,000 0.0146 0.0104 1.398 [1.299, 1.503] [1.316, 1.490]
  2014H2-E  tabpfn@t1/20260911     50,000 0.0144 0.0146 0.984 [0.913, 1.058] [0.923, 1.050]
  2014H2-E  tabpfn@t1/20260912     50,000 0.0147 0.0147 0.998 [0.927, 1.072] [0.923, 1.062]
  2014H2-E  tabpfn@t1/20260913     50,000 0.0146 0.0148 0.988 [0.918, 1.062] [0.929, 1.053]
  2014H2-E  tabicl/20260911        50,000 0.0144 0.0104 1.388 [1.289, 1.493] [1.305, 1.484]
  2014H2-E  tabicl/20260912        50,000 0.0147 0.0103 1.429 [1.328, 1.535] [1.318, 1.520]
  2014H2-E  tabicl/20260913        50,000 0.0146 0.0104 1.401 [1.302, 1.506] [1.316, 1.493]
  2014H2-E  tabicl@t1/20260911     50,000 0.0144 0.0147 0.978 [0.908, 1.052] [0.920, 1.046]
  2014H2-E  tabicl@t1/20260912     50,000 0.0147 0.0146 1.005 [0.934, 1.080] [0.927, 1.069]
  2014H2-E  tabicl@t1/20260913     50,000 0.0146 0.0147 0.990 [0.920, 1.064] [0.930, 1.056]
  2016H2-E  scorecard             759,434 0.0134 0.0134 1.000 [0.981, 1.020] [0.982, 1.020]
  2016H2-E  gbm                   759,434 0.0134 0.0134 0.999 [0.980, 1.019] [0.983, 1.018]
  2016H2-E  gbm-50k/20260911       50,000 0.0134 0.0137 0.978 [0.906, 1.054] [0.912, 1.053]
  2016H2-E  gbm-50k/20260912       50,000 0.0137 0.0139 0.984 [0.912, 1.060] [0.916, 1.058]
  2016H2-E  gbm-50k/20260913       50,000 0.0136 0.0137 0.997 [0.924, 1.074] [0.927, 1.067]
  2016H2-E  tabpfn/20260911        50,000 0.0134 0.0095 1.413 [1.309, 1.524] [1.314, 1.526]
  2016H2-E  tabpfn/20260912        50,000 0.0137 0.0097 1.417 [1.314, 1.527] [1.314, 1.526]
  2016H2-E  tabpfn/20260913        50,000 0.0136 0.0097 1.408 [1.305, 1.517] [1.296, 1.502]
  2016H2-E  tabpfn@t1/20260911     50,000 0.0134 0.0135 0.991 [0.918, 1.068] [0.922, 1.070]
  2016H2-E  tabpfn@t1/20260912     50,000 0.0137 0.0137 0.995 [0.922, 1.072] [0.923, 1.072]
  2016H2-E  tabpfn@t1/20260913     50,000 0.0136 0.0138 0.989 [0.916, 1.065] [0.911, 1.054]
  2016H2-E  tabicl/20260911        50,000 0.0134 0.0094 1.423 [1.318, 1.534] [1.323, 1.533]
  2016H2-E  tabicl/20260912        50,000 0.0137 0.0095 1.438 [1.333, 1.549] [1.333, 1.547]
  2016H2-E  tabicl/20260913        50,000 0.0136 0.0096 1.416 [1.312, 1.525] [1.302, 1.509]
  2016H2-E  tabicl@t1/20260911     50,000 0.0134 0.0134 1.001 [0.927, 1.079] [0.932, 1.079]
  2016H2-E  tabicl@t1/20260912     50,000 0.0137 0.0135 1.012 [0.938, 1.090] [0.939, 1.089]
  2016H2-E  tabicl@t1/20260913     50,000 0.0136 0.0137 0.991 [0.919, 1.068] [0.912, 1.057]
  2018H2-E  scorecard             856,861 0.0124 0.0124 1.000 [0.981, 1.019] [0.984, 1.019]
  2018H2-E  gbm                   856,861 0.0124 0.0124 0.999 [0.980, 1.018] [0.983, 1.017]
  2018H2-E  gbm-50k/20260911       50,000 0.0116 0.0116 0.998 [0.918, 1.082] [0.943, 1.070]
  2018H2-E  gbm-50k/20260912       50,000 0.0122 0.0124 0.983 [0.907, 1.064] [0.902, 1.049]
  2018H2-E  gbm-50k/20260913       50,000 0.0123 0.0124 0.996 [0.919, 1.077] [0.934, 1.062]
  2018H2-E  tabpfn/20260911        50,000 0.0116 0.0081 1.427 [1.314, 1.547] [1.325, 1.564]
  2018H2-E  tabpfn/20260912        50,000 0.0122 0.0085 1.433 [1.322, 1.551] [1.323, 1.528]
  2018H2-E  tabpfn/20260913        50,000 0.0123 0.0088 1.403 [1.295, 1.517] [1.305, 1.506]
  2018H2-E  tabpfn@t1/20260911     50,000 0.0116 0.0116 0.995 [0.916, 1.078] [0.924, 1.088]
  2018H2-E  tabpfn@t1/20260912     50,000 0.0122 0.0123 0.990 [0.913, 1.071] [0.913, 1.055]
  2018H2-E  tabpfn@t1/20260913     50,000 0.0123 0.0126 0.980 [0.905, 1.060] [0.910, 1.055]
  2018H2-E  tabicl/20260911        50,000 0.0116 0.0079 1.466 [1.350, 1.590] [1.360, 1.604]
  2018H2-E  tabicl/20260912        50,000 0.0122 0.0084 1.450 [1.338, 1.569] [1.337, 1.546]
  2018H2-E  tabicl/20260913        50,000 0.0123 0.0082 1.497 [1.382, 1.619] [1.392, 1.609]
  2018H2-E  tabicl@t1/20260911     50,000 0.0116 0.0114 1.015 [0.934, 1.100] [0.943, 1.108]
  2018H2-E  tabicl@t1/20260912     50,000 0.0122 0.0122 1.001 [0.924, 1.083] [0.923, 1.067]
  2018H2-E  tabicl@t1/20260913     50,000 0.0123 0.0119 1.039 [0.959, 1.124] [0.966, 1.119]
  2004H2-R  scorecard              96,581 0.0117 0.0117 1.000 [0.943, 1.060] [0.954, 1.058]
  2004H2-R  gbm                    96,581 0.0117 0.0117 0.998 [0.941, 1.058] [0.951, 1.054]
  2004H2-R  gbm-50k/20260911       50,000 0.0112 0.0113 0.996 [0.916, 1.081] [0.933, 1.075]
  2004H2-R  gbm-50k/20260912       50,000 0.0108 0.0108 0.995 [0.913, 1.083] [0.910, 1.098]
  2004H2-R  gbm-50k/20260913       50,000 0.0118 0.0118 0.997 [0.918, 1.080] [0.920, 1.075]
  2004H2-R  tabpfn/20260911        50,000 0.0112 0.0080 1.408 [1.294, 1.528] [1.318, 1.523]
  2004H2-R  tabpfn/20260912        50,000 0.0108 0.0076 1.412 [1.296, 1.536] [1.295, 1.554]
  2004H2-R  tabpfn/20260913        50,000 0.0118 0.0085 1.391 [1.281, 1.507] [1.282, 1.501]
  2004H2-R  tabpfn@t1/20260911     50,000 0.0112 0.0114 0.985 [0.906, 1.070] [0.923, 1.065]
  2004H2-R  tabpfn@t1/20260912     50,000 0.0108 0.0109 0.991 [0.910, 1.078] [0.907, 1.093]
  2004H2-R  tabpfn@t1/20260913     50,000 0.0118 0.0119 0.987 [0.910, 1.070] [0.908, 1.068]
  2004H2-R  tabicl/20260911        50,000 0.0112 0.0080 1.399 [1.286, 1.519] [1.309, 1.513]
  2004H2-R  tabicl/20260912        50,000 0.0108 0.0075 1.434 [1.316, 1.559] [1.314, 1.576]
  2004H2-R  tabicl/20260913        50,000 0.0118 0.0079 1.492 [1.375, 1.617] [1.374, 1.608]
  2004H2-R  tabicl@t1/20260911     50,000 0.0112 0.0114 0.980 [0.901, 1.064] [0.917, 1.060]
  2004H2-R  tabicl@t1/20260912     50,000 0.0108 0.0107 1.003 [0.920, 1.090] [0.918, 1.105]
  2004H2-R  tabicl@t1/20260913     50,000 0.0118 0.0112 1.055 [0.972, 1.143] [0.971, 1.139]
  2006H2-R  scorecard              96,844 0.0055 0.0055 1.000 [0.917, 1.088] [0.906, 1.083]
  2006H2-R  gbm                    96,844 0.0055 0.0056 0.997 [0.914, 1.085] [0.906, 1.078]
  2006H2-R  gbm-50k/20260911       50,000 0.0059 0.0059 0.991 [0.881, 1.111] [0.892, 1.099]
  2006H2-R  gbm-50k/20260912       50,000 0.0056 0.0056 0.999 [0.886, 1.123] [0.874, 1.096]
  2006H2-R  gbm-50k/20260913       50,000 0.0055 0.0055 0.998 [0.883, 1.123] [0.886, 1.122]
  2006H2-R  tabpfn/20260911        50,000 0.0059 0.0038 1.526 [1.357, 1.711] [1.374, 1.697]
  2006H2-R  tabpfn/20260912        50,000 0.0056 0.0036 1.534 [1.359, 1.724] [1.334, 1.681]
  2006H2-R  tabpfn/20260913        50,000 0.0055 0.0036 1.537 [1.361, 1.730] [1.361, 1.720]
  2006H2-R  tabpfn@t1/20260911     50,000 0.0059 0.0060 0.980 [0.871, 1.098] [0.881, 1.088]
  2006H2-R  tabpfn@t1/20260912     50,000 0.0056 0.0057 0.977 [0.866, 1.098] [0.850, 1.072]
  2006H2-R  tabpfn@t1/20260913     50,000 0.0055 0.0057 0.968 [0.857, 1.089] [0.856, 1.083]
  2006H2-R  tabicl/20260911        50,000 0.0059 0.0036 1.635 [1.453, 1.832] [1.475, 1.815]
  2006H2-R  tabicl/20260912        50,000 0.0056 0.0033 1.680 [1.489, 1.889] [1.458, 1.842]
  2006H2-R  tabicl/20260913        50,000 0.0055 0.0032 1.694 [1.499, 1.906] [1.506, 1.893]
  2006H2-R  tabicl@t1/20260911     50,000 0.0059 0.0057 1.032 [0.917, 1.157] [0.929, 1.145]
  2006H2-R  tabicl@t1/20260912     50,000 0.0056 0.0053 1.054 [0.934, 1.185] [0.916, 1.157]
  2006H2-R  tabicl@t1/20260913     50,000 0.0055 0.0052 1.050 [0.930, 1.182] [0.932, 1.174]
  2008H2-R  scorecard              95,615 0.0129 0.0129 1.000 [0.945, 1.057] [0.951, 1.057]
  2008H2-R  gbm                    95,615 0.0129 0.0129 0.999 [0.944, 1.056] [0.949, 1.057]
  2008H2-R  gbm-50k/20260911       50,000 0.0127 0.0127 0.997 [0.921, 1.077] [0.923, 1.066]
  2008H2-R  gbm-50k/20260912       50,000 0.0131 0.0131 0.998 [0.923, 1.077] [0.935, 1.061]
  2008H2-R  gbm-50k/20260913       50,000 0.0125 0.0125 0.997 [0.920, 1.077] [0.926, 1.070]
  2008H2-R  tabpfn/20260911        50,000 0.0127 0.0087 1.461 [1.350, 1.578] [1.349, 1.561]
  2008H2-R  tabpfn/20260912        50,000 0.0131 0.0089 1.472 [1.362, 1.588] [1.378, 1.569]
  2008H2-R  tabpfn/20260913        50,000 0.0125 0.0085 1.468 [1.355, 1.587] [1.367, 1.580]
  2008H2-R  tabpfn@t1/20260911     50,000 0.0127 0.0128 0.992 [0.917, 1.072] [0.916, 1.060]
  2008H2-R  tabpfn@t1/20260912     50,000 0.0131 0.0131 0.996 [0.922, 1.075] [0.934, 1.062]
  2008H2-R  tabpfn@t1/20260913     50,000 0.0125 0.0124 1.002 [0.926, 1.084] [0.934, 1.077]
  2008H2-R  tabicl/20260911        50,000 0.0127 0.0089 1.434 [1.325, 1.549] [1.323, 1.532]
  2008H2-R  tabicl/20260912        50,000 0.0131 0.0089 1.475 [1.365, 1.592] [1.378, 1.571]
  2008H2-R  tabicl/20260913        50,000 0.0125 0.0086 1.446 [1.336, 1.564] [1.349, 1.555]
  2008H2-R  tabicl@t1/20260911     50,000 0.0127 0.0130 0.974 [0.900, 1.053] [0.899, 1.042]
  2008H2-R  tabicl@t1/20260912     50,000 0.0131 0.0131 1.001 [0.926, 1.080] [0.936, 1.066]
  2008H2-R  tabicl@t1/20260913     50,000 0.0125 0.0126 0.988 [0.912, 1.068] [0.921, 1.060]
  2010H2-R  scorecard              96,515 0.0448 0.0448 1.000 [0.971, 1.030] [0.975, 1.028]
  2010H2-R  gbm                    96,515 0.0448 0.0448 0.999 [0.971, 1.029] [0.975, 1.026]
  2010H2-R  gbm-50k/20260911       50,000 0.0461 0.0462 0.999 [0.960, 1.040] [0.958, 1.031]
  2010H2-R  gbm-50k/20260912       50,000 0.0441 0.0441 0.999 [0.959, 1.041] [0.959, 1.040]
  2010H2-R  gbm-50k/20260913       50,000 0.0433 0.0433 0.999 [0.958, 1.041] [0.956, 1.035]
  2010H2-R  tabpfn/20260911        50,000 0.0461 0.0371 1.243 [1.194, 1.294] [1.192, 1.282]
  2010H2-R  tabpfn/20260912        50,000 0.0441 0.0354 1.245 [1.195, 1.297] [1.194, 1.295]
  2010H2-R  tabpfn/20260913        50,000 0.0433 0.0346 1.250 [1.199, 1.303] [1.195, 1.295]
  2010H2-R  tabpfn@t1/20260911     50,000 0.0461 0.0458 1.008 [0.968, 1.049] [0.967, 1.039]
  2010H2-R  tabpfn@t1/20260912     50,000 0.0441 0.0438 1.006 [0.965, 1.048] [0.964, 1.047]
  2010H2-R  tabpfn@t1/20260913     50,000 0.0433 0.0429 1.008 [0.967, 1.051] [0.964, 1.045]
  2010H2-R  tabicl/20260911        50,000 0.0461 0.0387 1.192 [1.145, 1.241] [1.145, 1.230]
  2010H2-R  tabicl/20260912        50,000 0.0441 0.0390 1.131 [1.085, 1.178] [1.085, 1.176]
  2010H2-R  tabicl/20260913        50,000 0.0433 0.0446 0.972 [0.932, 1.013] [0.931, 1.008]
  2010H2-R  tabicl@t1/20260911     50,000 0.0461 0.0476 0.968 [0.930, 1.007] [0.929, 0.999]
  2010H2-R  tabicl@t1/20260912     50,000 0.0441 0.0479 0.921 [0.883, 0.959] [0.884, 0.958]
  2010H2-R  tabicl@t1/20260913     50,000 0.0433 0.0541 0.801 [0.768, 0.834] [0.767, 0.831]
  2012H2-R  scorecard              99,162 0.0092 0.0092 1.000 [0.936, 1.067] [0.928, 1.064]
  2012H2-R  gbm                    99,162 0.0092 0.0092 0.997 [0.933, 1.063] [0.927, 1.062]
  2012H2-R  gbm-50k/20260911       50,000 0.0095 0.0096 0.993 [0.906, 1.086] [0.911, 1.070]
  2012H2-R  gbm-50k/20260912       50,000 0.0092 0.0092 0.994 [0.906, 1.089] [0.906, 1.081]
  2012H2-R  gbm-50k/20260913       50,000 0.0092 0.0093 0.993 [0.905, 1.088] [0.916, 1.091]
  2012H2-R  tabpfn/20260911        50,000 0.0095 0.0065 1.457 [1.329, 1.593] [1.339, 1.569]
  2012H2-R  tabpfn/20260912        50,000 0.0092 0.0062 1.473 [1.342, 1.613] [1.341, 1.606]
  2012H2-R  tabpfn/20260913        50,000 0.0092 0.0062 1.475 [1.344, 1.615] [1.362, 1.619]
  2012H2-R  tabpfn@t1/20260911     50,000 0.0095 0.0095 0.997 [0.909, 1.090] [0.918, 1.073]
  2012H2-R  tabpfn@t1/20260912     50,000 0.0092 0.0092 0.995 [0.906, 1.090] [0.905, 1.084]
  2012H2-R  tabpfn@t1/20260913     50,000 0.0092 0.0092 1.002 [0.913, 1.098] [0.925, 1.100]
  2012H2-R  tabicl/20260911        50,000 0.0095 0.0064 1.484 [1.354, 1.623] [1.363, 1.599]
  2012H2-R  tabicl/20260912        50,000 0.0092 0.0071 1.298 [1.182, 1.422] [1.184, 1.418]
  2012H2-R  tabicl/20260913        50,000 0.0092 0.0063 1.466 [1.335, 1.605] [1.354, 1.608]
  2012H2-R  tabicl@t1/20260911     50,000 0.0095 0.0094 1.013 [0.924, 1.108] [0.933, 1.092]
  2012H2-R  tabicl@t1/20260912     50,000 0.0092 0.0103 0.887 [0.808, 0.972] [0.808, 0.968]
  2012H2-R  tabicl@t1/20260913     50,000 0.0092 0.0092 0.995 [0.907, 1.090] [0.919, 1.092]
  2014H2-R  scorecard              98,168 0.0063 0.0063 1.000 [0.923, 1.082] [0.929, 1.076]
  2014H2-R  gbm                    98,168 0.0063 0.0063 0.994 [0.917, 1.076] [0.928, 1.070]
  2014H2-R  gbm-50k/20260911       50,000 0.0068 0.0068 0.993 [0.891, 1.105] [0.887, 1.075]
  2014H2-R  gbm-50k/20260912       50,000 0.0067 0.0068 0.994 [0.891, 1.105] [0.900, 1.086]
  2014H2-R  gbm-50k/20260913       50,000 0.0061 0.0061 0.993 [0.884, 1.111] [0.891, 1.116]
  2014H2-R  tabpfn/20260911        50,000 0.0068 0.0046 1.479 [1.326, 1.645] [1.330, 1.599]
  2014H2-R  tabpfn/20260912        50,000 0.0067 0.0046 1.454 [1.304, 1.618] [1.319, 1.593]
  2014H2-R  tabpfn/20260913        50,000 0.0061 0.0041 1.479 [1.317, 1.654] [1.323, 1.673]
  2014H2-R  tabpfn@t1/20260911     50,000 0.0068 0.0069 0.982 [0.880, 1.092] [0.882, 1.062]
  2014H2-R  tabpfn@t1/20260912     50,000 0.0067 0.0069 0.980 [0.879, 1.091] [0.889, 1.073]
  2014H2-R  tabpfn@t1/20260913     50,000 0.0061 0.0062 0.976 [0.869, 1.092] [0.873, 1.103]
  2014H2-R  tabicl/20260911        50,000 0.0068 0.0043 1.575 [1.412, 1.751] [1.419, 1.699]
  2014H2-R  tabicl/20260912        50,000 0.0067 0.0044 1.517 [1.359, 1.687] [1.376, 1.660]
  2014H2-R  tabicl/20260913        50,000 0.0061 0.0038 1.595 [1.421, 1.784] [1.427, 1.804]
  2014H2-R  tabicl@t1/20260911     50,000 0.0068 0.0065 1.035 [0.928, 1.151] [0.931, 1.118]
  2014H2-R  tabicl@t1/20260912     50,000 0.0067 0.0066 1.014 [0.909, 1.128] [0.920, 1.109]
  2014H2-R  tabicl@t1/20260913     50,000 0.0061 0.0058 1.039 [0.926, 1.163] [0.930, 1.174]
  2016H2-R  scorecard              97,038 0.0048 0.0048 1.000 [0.911, 1.095] [0.907, 1.097]
  2016H2-R  gbm                    97,038 0.0048 0.0048 0.996 [0.908, 1.091] [0.904, 1.095]
  2016H2-R  gbm-50k/20260911       50,000 0.0048 0.0048 0.992 [0.870, 1.125] [0.875, 1.107]
  2016H2-R  gbm-50k/20260912       50,000 0.0046 0.0046 0.993 [0.869, 1.129] [0.871, 1.103]
  2016H2-R  gbm-50k/20260913       50,000 0.0050 0.0050 0.995 [0.876, 1.126] [0.847, 1.105]
  2016H2-R  tabpfn/20260911        50,000 0.0048 0.0030 1.608 [1.411, 1.825] [1.429, 1.788]
  2016H2-R  tabpfn/20260912        50,000 0.0046 0.0029 1.604 [1.404, 1.825] [1.411, 1.779]
  2016H2-R  tabpfn/20260913        50,000 0.0050 0.0032 1.589 [1.399, 1.797] [1.355, 1.769]
  2016H2-R  tabpfn@t1/20260911     50,000 0.0048 0.0048 0.994 [0.872, 1.127] [0.881, 1.105]
  2016H2-R  tabpfn@t1/20260912     50,000 0.0046 0.0047 0.987 [0.863, 1.122] [0.867, 1.095]
  2016H2-R  tabpfn@t1/20260913     50,000 0.0050 0.0051 0.981 [0.864, 1.110] [0.837, 1.092]
  2016H2-R  tabicl/20260911        50,000 0.0048 0.0028 1.718 [1.507, 1.949] [1.525, 1.915]
  2016H2-R  tabicl/20260912        50,000 0.0046 0.0026 1.738 [1.521, 1.977] [1.525, 1.922]
  2016H2-R  tabicl/20260913        50,000 0.0050 0.0030 1.695 [1.492, 1.917] [1.442, 1.882]
  2016H2-R  tabicl@t1/20260911     50,000 0.0048 0.0046 1.046 [0.918, 1.187] [0.928, 1.166]
  2016H2-R  tabicl@t1/20260912     50,000 0.0046 0.0044 1.051 [0.920, 1.196] [0.923, 1.164]
  2016H2-R  tabicl@t1/20260913     50,000 0.0050 0.0049 1.033 [0.909, 1.168] [0.879, 1.147]
  2018H2-R  scorecard              97,427 0.0045 0.0045 1.000 [0.909, 1.098] [0.911, 1.098]
  2018H2-R  gbm                    97,427 0.0045 0.0045 0.997 [0.906, 1.095] [0.908, 1.096]
  2018H2-R  gbm-50k/20260911       50,000 0.0044 0.0045 0.993 [0.867, 1.132] [0.837, 1.138]
  2018H2-R  gbm-50k/20260912       50,000 0.0048 0.0049 0.992 [0.872, 1.125] [0.870, 1.132]
  2018H2-R  gbm-50k/20260913       50,000 0.0047 0.0047 0.998 [0.874, 1.134] [0.887, 1.124]
  2018H2-R  tabpfn/20260911        50,000 0.0044 0.0027 1.616 [1.411, 1.843] [1.370, 1.851]
  2018H2-R  tabpfn/20260912        50,000 0.0048 0.0031 1.575 [1.383, 1.786] [1.382, 1.803]
  2018H2-R  tabpfn/20260913        50,000 0.0047 0.0029 1.611 [1.411, 1.830] [1.424, 1.815]
  2018H2-R  tabpfn@t1/20260911     50,000 0.0044 0.0046 0.973 [0.850, 1.110] [0.824, 1.116]
  2018H2-R  tabpfn@t1/20260912     50,000 0.0048 0.0050 0.978 [0.859, 1.109] [0.858, 1.118]
  2018H2-R  tabpfn@t1/20260913     50,000 0.0047 0.0048 0.970 [0.850, 1.102] [0.858, 1.093]
  2018H2-R  tabicl/20260911        50,000 0.0044 0.0025 1.777 [1.551, 2.026] [1.506, 2.038]
  2018H2-R  tabicl/20260912        50,000 0.0048 0.0029 1.698 [1.491, 1.925] [1.490, 1.937]
  2018H2-R  tabicl/20260913        50,000 0.0047 0.0027 1.718 [1.505, 1.952] [1.520, 1.935]
  2018H2-R  tabicl@t1/20260911     50,000 0.0044 0.0042 1.052 [0.918, 1.199] [0.890, 1.207]
  2018H2-R  tabicl@t1/20260912     50,000 0.0048 0.0047 1.040 [0.913, 1.179] [0.912, 1.186]
  2018H2-R  tabicl@t1/20260913     50,000 0.0047 0.0046 1.014 [0.888, 1.152] [0.897, 1.142]

H5, arm E: the criterion's contexts by the build run's pool rate, highest 2010H2-E (pool 0.0176, draws 0.0173), lowest 2006H2-E (pool 0.0096, draws 0.0092); seeds [20260911, 20260912, 20260913]; 200 resamples in 0s

H5, arm R: the criterion's contexts by the build run's pool rate, highest 2010H2-R (pool 0.0448, draws 0.0445), lowest 2018H2-R (pool 0.0045, draws 0.0047); seeds [20260911, 20260912, 20260913]; 200 resamples in 0s

H5: O/E of the highest-rate context minus the lowest's (value [lo, hi], * excludes zero, ? star changes with the bootstrap seed); a model@t1 row is the reading at 1.0:
  arm E                    gbm-50k     high 0.992  low 0.991  +0.001 [-0.111, +0.103]     known answer
  arm E                    tabpfn      high 1.396  low 1.444  -0.048 [-0.221, +0.097]   
  arm E                    tabpfn@t1   high 0.999  low 0.978  +0.020 [-0.094, +0.123]   
  arm E                    tabicl      high 1.389  low 1.473  -0.085 [-0.293, +0.093]   
  arm E                    tabicl@t1   high 0.992  low 0.994  -0.002 [-0.141, +0.116]   
  arm R                    gbm-50k     high 0.999  low 0.994  +0.005 [-0.137, +0.122]     known answer
  arm R                    tabpfn      high 1.246  low 1.601  -0.355 [-0.581, -0.175] * 
  arm R                    tabpfn@t1   high 1.007  low 0.974  +0.034 [-0.107, +0.148]   
  arm R                    tabicl      high 1.098  low 1.731  -0.632 [-0.897, -0.405] * 
  arm R                    tabicl@t1   high 0.896  low 1.035  -0.139 [-0.302, +0.008]   

in-sample Cox slope, arm E: the mean over 9 builds, seeds [20260911, 20260912, 20260913]; 200 resamples in 133s

in-sample Cox slope, arm R: the mean over 8 builds, seeds [20260911, 20260912, 20260913]; 200 resamples in 122s

in-sample Cox slope, each model's mean over the arm's builds (value [lo, hi], > or < one beyond the interval, ? side changes with the bootstrap seed); above one is confounded with the pull toward a row's own label:
  arm E gbm-50k     1.5024 [1.4216, 1.5847] > 
  arm E tabpfn      1.0369 [1.0156, 1.0570] > 
  arm E tabpfn@t1   1.1517 [1.1281, 1.1740] > 
  arm E tabicl      1.0606 [1.0352, 1.0826] > 
  arm E tabicl@t1   1.1784 [1.1502, 1.2029] > 
  arm R gbm-50k     1.3565 [1.3152, 1.3938] > 
  arm R tabpfn      1.1065 [1.0709, 1.1425] > 
  arm R tabpfn@t1   1.2295 [1.1898, 1.2695] > 
  arm R tabicl      1.1787 [1.1445, 1.2095] > 
  arm R tabicl@t1   1.3097 [1.2716, 1.3439] > 

cohort cells          : 7242 read in 11s

wall                  : 291s
