run: experiments/2026-09-16-fm-between-arm-intervals, 2720 criterion rows
recorded point reproduces the run's paired.csv to 1e-12

recorded
build_date draw  tabpfn  tabicl  tabpfn@t1  tabicl@t1
                -0.0162 -0.0031    -0.0248      -0.01

per_draw
build_date     draw  tabpfn  tabicl  tabpfn@t1  tabicl@t1
           20260911 -0.0374 -0.0284    -0.0465    -0.0388
           20260912  0.0110  0.0192    -0.0041     0.0125
           20260913 -0.0220 -0.0002    -0.0239    -0.0037

drop_build
build_date draw  tabpfn  tabicl  tabpfn@t1  tabicl@t1
    2004H2      -0.0248 -0.0089    -0.0367    -0.0190
    2006H2      -0.0349 -0.0322    -0.0464    -0.0373
    2008H2      -0.0097  0.0045    -0.0125     0.0043
    2010H2      -0.0141 -0.0010    -0.0234    -0.0094
    2012H2      -0.0096  0.0039    -0.0202    -0.0060
    2014H2      -0.0164  0.0030    -0.0240    -0.0067
    2016H2      -0.0158 -0.0033    -0.0233    -0.0094
    2018H2      -0.0067  0.0058    -0.0153     0.0006

replace_fit over 48 control fits (build, arm, draw)
  tabpfn     [-0.0252, -0.0029]  lowest 2008H2-E 20260913,  highest 2008H2-E 20260912
  tabicl     [-0.0122, +0.0102]  lowest 2008H2-E 20260913,  highest 2008H2-E 20260912
  tabpfn@t1  [-0.0339, -0.0115]  lowest 2008H2-E 20260913,  highest 2008H2-E 20260912
  tabicl@t1  [-0.0190, +0.0033]  lowest 2008H2-E 20260913,  highest 2008H2-E 20260912
  largest move of tabpfn: 2008H2-E 20260912

control fits
build_date arm     draw  num_leaves  learning_rate  min_child_samples  feature_fraction  rounds  validation_rows  criterion_cells  mean_deviation
    2004H2   E 20260911           7           0.03                200               1.0     216            10230               33          0.1745
    2004H2   E 20260912           7           0.03                200               1.0     138            10390               33          0.1249
    2004H2   E 20260913           7           0.03                200               1.0     227            10371               33          0.2610
    2004H2   R 20260911           7           0.10               1000               0.6      64            12542               33          0.2369
    2004H2   R 20260912           7           0.10               1000               0.6      50            12571               33          0.2589
    2004H2   R 20260913           7           0.10               1000               0.6      63            12574               33          0.2503
    2006H2   E 20260911          15           0.10               1000               0.4      45             8778               29          0.1555
    2006H2   E 20260912          15           0.10               1000               0.4      40             8947               29          0.1211
    2006H2   E 20260913          15           0.10               1000               0.4      32             8870               29          0.1436
    2006H2   R 20260911           7           0.10               1000               0.4      39            12410               29          0.1312
    2006H2   R 20260912           7           0.10               1000               0.4      64            12435               29          0.3227
    2006H2   R 20260913           7           0.10               1000               0.4      64            12389               29          0.2928
    2008H2   E 20260911           7           0.03                200               0.6      95             6343               25          0.1662
    2008H2   E 20260912           7           0.03                200               0.6      60             6414               25          0.3904
    2008H2   E 20260913           7           0.03                200               0.6     128             6419               25          0.1043
    2008H2   R 20260911           7           0.10               1000               0.4      50            12378               25          0.1268
    2008H2   R 20260912           7           0.10               1000               0.4      50            12311               25          0.1671
    2008H2   R 20260913           7           0.10               1000               0.4      44            12439               25          0.1236
    2010H2   E 20260911          15           0.10               1000               0.4      29             5143               21          0.1985
    2010H2   E 20260912          15           0.10               1000               0.4      39             5277               21          0.1506
    2010H2   E 20260913          15           0.10               1000               0.4      41             5361               21          0.1367
    2010H2   R 20260911          15           0.03                200               0.4     227            12723               21          0.2815
    2010H2   R 20260912          15           0.03                200               0.4     242            12834               21          0.3068
    2010H2   R 20260913          15           0.03                200               0.4     243            12804               21          0.3079
    2012H2   E 20260911           7           0.10               1000               0.6      64             4367               17          0.2200
    2012H2   E 20260912           7           0.10               1000               0.6      39             4441               17          0.1237
    2012H2   E 20260913           7           0.10               1000               0.6      39             4311               17          0.1271
    2012H2   R 20260911          15           0.03               1000               0.4      92            12522               17          0.1208
    2012H2   R 20260912          15           0.03               1000               0.4      92            12410               17          0.1390
    2012H2   R 20260913          15           0.03               1000               0.4     108            12495               17          0.1153
    2014H2   E 20260911           7           0.03               1000               0.4     121             3600               15          0.1864
    2014H2   E 20260912           7           0.03               1000               0.4     121             3684               15          0.2121
    2014H2   E 20260913           7           0.03               1000               0.4     121             3652               15          0.1648
    2014H2   R 20260911          15           0.03               1000               0.4      80            12477               15          0.1210
    2014H2   R 20260912          15           0.03               1000               0.4      93            12637               15          0.1152
    2014H2   R 20260913          15           0.03               1000               0.4      79            12473               15          0.1778
    2016H2   E 20260911          15           0.10               1000               1.0      15             3243               12          0.1597
    2016H2   E 20260912          15           0.10               1000               1.0      21             3196               12          0.1363
    2016H2   E 20260913          15           0.10               1000               1.0      70             3251               12          0.2767
    2016H2   R 20260911           7           0.10               1000               0.4      40            12600               12          0.1066
    2016H2   R 20260912           7           0.10               1000               0.4      60            12369               12          0.1278
    2016H2   R 20260913           7           0.10               1000               0.4      50            12464               12          0.1204
    2018H2   E 20260911          31           0.10                200               0.6     167             2940                8          0.5859
    2018H2   E 20260912          31           0.10                200               0.6      32             2880                8          0.1869
    2018H2   E 20260913          31           0.10                200               0.6     144             2924                8          0.5296
    2018H2   R 20260911           7           0.03               1000               0.4     158            12770                8          0.1932
    2018H2   R 20260912           7           0.03               1000               0.4     149            12722                8          0.2264
    2018H2   R 20260913           7           0.03               1000               0.4     180            12650                8          0.2210

inherited point differs between the arms at 8 of 8 paired build dates
