run: experiments/2026-09-16-lc-between-arm-intervals, 1683 criterion rows
recorded point reproduces the run's paired.csv to 1e-12

recorded
build_date draw  tabpfn  tabicl  tabpfn@t1  tabicl@t1
                -0.0412 -0.0447    -0.0324    -0.0393

per_draw
build_date     draw  tabpfn  tabicl  tabpfn@t1  tabicl@t1
           20260911 -0.0512 -0.0577    -0.0320    -0.0437
           20260912 -0.0842 -0.0862    -0.0587    -0.0738
           20260913  0.0118  0.0098    -0.0066    -0.0005

drop_build
build_date draw  tabpfn  tabicl  tabpfn@t1  tabicl@t1
    2013H1      -0.0497 -0.0549    -0.0374    -0.0491
    2013H2      -0.0160 -0.0183    -0.0096    -0.0144
    2014H1      -0.0580 -0.0639    -0.0288    -0.0450
    2014H2      -0.0453 -0.0496    -0.0367    -0.0439
    2015H1      -0.0396 -0.0428    -0.0378    -0.0412
    2015H2      -0.0465 -0.0475    -0.0389    -0.0455
    2016H1      -0.0385 -0.0411    -0.0354    -0.0377
    2016H2      -0.0398 -0.0433    -0.0337    -0.0389
    2017H1      -0.0379 -0.0414    -0.0317    -0.0378

replace_fit over 54 control fits (build, arm, draw)
  tabpfn     [-0.0622, -0.0122]  lowest 2013H2-E 20260913,  highest 2013H2-E 20260912
  tabicl     [-0.0656, -0.0157]  lowest 2013H2-E 20260913,  highest 2013H2-E 20260912
  tabpfn@t1  [-0.0533, -0.0034]  lowest 2013H2-E 20260913,  highest 2013H2-E 20260912
  tabicl@t1  [-0.0602, -0.0103]  lowest 2013H2-E 20260913,  highest 2013H2-E 20260912
  largest move of tabpfn: 2013H2-E 20260912

control fits
build_date arm     draw  num_leaves  learning_rate  min_child_samples  feature_fraction  rounds  validation_rows  criterion_cells  mean_deviation
    2013H1   E 20260911          31           0.03               1000               1.0      97            10345               19          0.0860
    2013H1   E 20260912          31           0.03               1000               1.0      93            10330               19          0.0837
    2013H1   E 20260913          31           0.03               1000               1.0     137            10335               19          0.1820
    2013H1   R 20260911           7           0.10               1000               0.4      77            10447               19          0.0796
    2013H1   R 20260912           7           0.10               1000               0.4      77            10447               19          0.0796
    2013H1   R 20260913           7           0.10               1000               0.4      77            10447               19          0.0796
    2013H2   E 20260911          15           0.10               1000               0.4      29            10951               17          0.2089
    2013H2   E 20260912          15           0.10               1000               0.4      19            10882               17          0.6400
    2013H2   E 20260913          15           0.10               1000               0.4      51            11010               17          0.0587
    2013H2   R 20260911          31           0.03               1000               0.4     113            17530               17          0.1227
    2013H2   R 20260912          31           0.03               1000               0.4     104            17523               17          0.1490
    2013H2   R 20260913          31           0.03               1000               0.4     113            17461               17          0.1167
    2014H1   E 20260911          31           0.10               1000               1.0      25            11068               15          0.0721
    2014H1   E 20260912          31           0.10               1000               1.0      21            11049               15          0.1321
    2014H1   E 20260913          31           0.10               1000               1.0      19            10936               15          0.1473
    2014H1   R 20260911           7           0.10               1000               1.0      36            17334               15          0.1020
    2014H1   R 20260912           7           0.10               1000               1.0      35            17340               15          0.1360
    2014H1   R 20260913           7           0.10               1000               1.0      40            17403               15          0.1471
    2014H2   E 20260911          15           0.03               1000               0.6     116            18515               13          0.1717
    2014H2   E 20260912          15           0.03               1000               0.6     173            18461               13          0.0674
    2014H2   E 20260913          15           0.03               1000               0.6     101            18518               13          0.1486
    2014H2   R 20260911           7           0.10               1000               0.6      78            16317               13          0.0459
    2014H2   R 20260912           7           0.10               1000               0.6      61            16268               13          0.0600
    2014H2   R 20260913           7           0.10               1000               0.6      28            16277               13          0.2387
    2015H1   E 20260911           7           0.10               1000               0.6      44            15901               11          0.1703
    2015H1   E 20260912           7           0.10               1000               0.6      59            15879               11          0.0630
    2015H1   E 20260913           7           0.10               1000               0.6      51            15962               11          0.1254
    2015H1   R 20260911           7           0.03               1000               0.6     322            15122               11          0.0746
    2015H1   R 20260912           7           0.03               1000               0.6     106            14968               11          0.1169
    2015H1   R 20260913           7           0.03               1000               0.6     156            15091               11          0.1196
    2015H2   E 20260911          31           0.03               1000               0.4     133            14835                9          0.0628
    2015H2   E 20260912          31           0.03               1000               0.4     122            14618                9          0.1007
    2015H2   E 20260913          31           0.03               1000               0.4     132            14607                9          0.0671
    2015H2   R 20260911           7           0.10               1000               0.6      37            15681                9          0.0584
    2015H2   R 20260912           7           0.10               1000               0.6      31            15580                9          0.1345
    2015H2   R 20260913           7           0.10               1000               0.6      40            15780                9          0.0940
    2016H1   E 20260911           7           0.10               1000               0.6      50            14053                7          0.1001
    2016H1   E 20260912           7           0.10               1000               0.6      42            14127                7          0.0796
    2016H1   E 20260913           7           0.10               1000               0.6      42            14085                7          0.1426
    2016H1   R 20260911           7           0.03               1000               0.4     151            15446                7          0.1026
    2016H1   R 20260912           7           0.03               1000               0.4     119            15511                7          0.1236
    2016H1   R 20260913           7           0.03               1000               0.4     303            15133                7          0.0545
    2016H2   E 20260911          15           0.03               1000               1.0     106            13855                5          0.1100
    2016H2   E 20260912          15           0.03               1000               1.0     149            13835                5          0.0940
    2016H2   E 20260913          15           0.03               1000               1.0     103            13681                5          0.0780
    2016H2   R 20260911          15           0.03               1000               0.6     165            15408                5          0.0756
    2016H2   R 20260912          15           0.03               1000               0.6      90            15603                5          0.1271
    2016H2   R 20260913          15           0.03               1000               0.6     117            15367                5          0.0464
    2017H1   E 20260911          31           0.03               1000               0.4      92            10533                3          0.2073
    2017H1   E 20260912          31           0.03               1000               0.4     130            10447                3          0.1061
    2017H1   E 20260913          31           0.03               1000               0.4     161            10533                3          0.0504
    2017H1   R 20260911          31           0.03               1000               0.6     122            10250                3          0.0959
    2017H1   R 20260912          31           0.03               1000               0.6     126            10391                3          0.0605
    2017H1   R 20260913          31           0.03               1000               0.6     127            10525                3          0.0648

inherited point differs between the arms at 9 of 9 paired build dates
