sources               : 85 directories, 17 builds: 2002H2-E, 2004H2-E, 2004H2-R, 2006H2-E, 2006H2-R, 2008H2-E, 2008H2-R, 2010H2-E, 2010H2-R, 2012H2-E, 2012H2-R, 2014H2-E, 2014H2-R, 2016H2-E, 2016H2-R, 2018H2-E, 2018H2-R
context cells         : 289, 22,714,850 rows
context check         : 51 context draws, 204 model pairs with identical rows and outcomes
per-cell bootstrap    : 200 resamples per cell in 18s
known answer          : 85 of 85 fitted-model cells read one inside their bootstrap interval

per cell (rows, realised rate, mean probability, O/E [binomial] [bootstrap]):
  2002H2-E  scorecard              79,511 0.0120 0.0120 1.000 [0.938, 1.065] [0.944, 1.056]
  2002H2-E  gbm                    79,511 0.0120 0.0120 0.997 [0.935, 1.062] [0.940, 1.052]
  2002H2-E  gbm-50k/20260911       50,000 0.0122 0.0123 0.995 [0.918, 1.076] [0.919, 1.068]
  2002H2-E  gbm-50k/20260912       50,000 0.0119 0.0119 0.996 [0.917, 1.078] [0.914, 1.064]
  2002H2-E  gbm-50k/20260913       50,000 0.0121 0.0122 0.997 [0.919, 1.079] [0.916, 1.100]
  2002H2-E  tabpfn/20260911        50,000 0.0122 0.0085 1.430 [1.319, 1.547] [1.322, 1.529]
  2002H2-E  tabpfn/20260912        50,000 0.0119 0.0083 1.429 [1.317, 1.548] [1.310, 1.526]
  2002H2-E  tabpfn/20260913        50,000 0.0121 0.0085 1.427 [1.316, 1.544] [1.312, 1.570]
  2002H2-E  tabpfn@t1/20260911     50,000 0.0122 0.0124 0.985 [0.908, 1.065] [0.911, 1.054]
  2002H2-E  tabpfn@t1/20260912     50,000 0.0119 0.0122 0.976 [0.899, 1.057] [0.894, 1.042]
  2002H2-E  tabpfn@t1/20260913     50,000 0.0121 0.0124 0.977 [0.901, 1.058] [0.901, 1.075]
  2002H2-E  tabicl/20260911        50,000 0.0122 0.0095 1.280 [1.181, 1.385] [1.186, 1.370]
  2002H2-E  tabicl/20260912        50,000 0.0119 0.0081 1.456 [1.342, 1.578] [1.334, 1.555]
  2002H2-E  tabicl/20260913        50,000 0.0121 0.0112 1.086 [1.002, 1.175] [0.999, 1.191]
  2002H2-E  tabicl@t1/20260911     50,000 0.0122 0.0138 0.886 [0.818, 0.959] [0.821, 0.949]
  2002H2-E  tabicl@t1/20260912     50,000 0.0119 0.0120 0.988 [0.911, 1.071] [0.905, 1.056]
  2002H2-E  tabicl@t1/20260913     50,000 0.0121 0.0159 0.764 [0.705, 0.827] [0.704, 0.838]
  2004H2-E  scorecard             176,092 0.0118 0.0118 1.000 [0.958, 1.044] [0.956, 1.040]
  2004H2-E  gbm                   176,092 0.0118 0.0118 1.000 [0.957, 1.043] [0.957, 1.038]
  2004H2-E  gbm-50k/20260911       50,000 0.0126 0.0126 1.000 [0.924, 1.081] [0.917, 1.073]
  2004H2-E  gbm-50k/20260912       50,000 0.0119 0.0119 0.996 [0.918, 1.079] [0.921, 1.062]
  2004H2-E  gbm-50k/20260913       50,000 0.0119 0.0119 0.999 [0.920, 1.082] [0.912, 1.077]
  2004H2-E  tabpfn/20260911        50,000 0.0126 0.0089 1.417 [1.309, 1.531] [1.302, 1.526]
  2004H2-E  tabpfn/20260912        50,000 0.0119 0.0084 1.414 [1.303, 1.532] [1.302, 1.510]
  2004H2-E  tabpfn/20260913        50,000 0.0119 0.0084 1.413 [1.303, 1.531] [1.289, 1.524]
  2004H2-E  tabpfn@t1/20260911     50,000 0.0126 0.0129 0.981 [0.906, 1.060] [0.901, 1.057]
  2004H2-E  tabpfn@t1/20260912     50,000 0.0119 0.0121 0.984 [0.907, 1.066] [0.905, 1.048]
  2004H2-E  tabpfn@t1/20260913     50,000 0.0119 0.0121 0.983 [0.906, 1.065] [0.896, 1.061]
  2004H2-E  tabicl/20260911        50,000 0.0126 0.0090 1.400 [1.293, 1.513] [1.287, 1.507]
  2004H2-E  tabicl/20260912        50,000 0.0119 0.0081 1.466 [1.352, 1.588] [1.353, 1.565]
  2004H2-E  tabicl/20260913        50,000 0.0119 0.0081 1.473 [1.357, 1.595] [1.342, 1.588]
  2004H2-E  tabicl@t1/20260911     50,000 0.0126 0.0130 0.971 [0.897, 1.049] [0.892, 1.046]
  2004H2-E  tabicl@t1/20260912     50,000 0.0119 0.0117 1.019 [0.939, 1.104] [0.938, 1.085]
  2004H2-E  tabicl@t1/20260913     50,000 0.0119 0.0117 1.018 [0.938, 1.103] [0.928, 1.098]
  2006H2-E  scorecard             272,936 0.0096 0.0096 1.000 [0.962, 1.039] [0.968, 1.033]
  2006H2-E  gbm                   272,936 0.0096 0.0096 0.998 [0.960, 1.036] [0.967, 1.030]
  2006H2-E  gbm-50k/20260911       50,000 0.0095 0.0095 0.992 [0.905, 1.085] [0.909, 1.092]
  2006H2-E  gbm-50k/20260912       50,000 0.0093 0.0093 0.992 [0.904, 1.086] [0.919, 1.069]
  2006H2-E  gbm-50k/20260913       50,000 0.0089 0.0089 0.991 [0.902, 1.088] [0.908, 1.077]
  2006H2-E  tabpfn/20260911        50,000 0.0095 0.0066 1.434 [1.308, 1.569] [1.314, 1.585]
  2006H2-E  tabpfn/20260912        50,000 0.0093 0.0065 1.433 [1.306, 1.569] [1.326, 1.545]
  2006H2-E  tabpfn/20260913        50,000 0.0089 0.0061 1.455 [1.323, 1.596] [1.333, 1.585]
  2006H2-E  tabpfn@t1/20260911     50,000 0.0095 0.0097 0.975 [0.889, 1.066] [0.894, 1.076]
  2006H2-E  tabpfn@t1/20260912     50,000 0.0093 0.0095 0.977 [0.891, 1.070] [0.904, 1.054]
  2006H2-E  tabpfn@t1/20260913     50,000 0.0089 0.0091 0.977 [0.888, 1.072] [0.896, 1.067]
  2006H2-E  tabicl/20260911        50,000 0.0095 0.0062 1.526 [1.392, 1.669] [1.400, 1.688]
  2006H2-E  tabicl/20260912        50,000 0.0093 0.0061 1.515 [1.380, 1.658] [1.406, 1.633]
  2006H2-E  tabicl/20260913        50,000 0.0089 0.0064 1.382 [1.257, 1.516] [1.266, 1.505]
  2006H2-E  tabicl@t1/20260911     50,000 0.0095 0.0092 1.030 [0.939, 1.126] [0.945, 1.136]
  2006H2-E  tabicl@t1/20260912     50,000 0.0093 0.0090 1.025 [0.934, 1.122] [0.948, 1.105]
  2006H2-E  tabicl@t1/20260913     50,000 0.0089 0.0095 0.932 [0.847, 1.022] [0.854, 1.017]
  2008H2-E  scorecard             368,551 0.0104 0.0104 1.000 [0.969, 1.032] [0.965, 1.026]
  2008H2-E  gbm                   368,551 0.0104 0.0104 0.999 [0.968, 1.031] [0.965, 1.025]
  2008H2-E  gbm-50k/20260911       50,000 0.0105 0.0106 0.995 [0.912, 1.083] [0.921, 1.085]
  2008H2-E  gbm-50k/20260912       50,000 0.0110 0.0110 0.996 [0.915, 1.083] [0.917, 1.079]
  2008H2-E  gbm-50k/20260913       50,000 0.0107 0.0108 0.995 [0.913, 1.083] [0.908, 1.075]
  2008H2-E  tabpfn/20260911        50,000 0.0105 0.0073 1.449 [1.329, 1.578] [1.343, 1.578]
  2008H2-E  tabpfn/20260912        50,000 0.0110 0.0076 1.438 [1.321, 1.563] [1.324, 1.555]
  2008H2-E  tabpfn/20260913        50,000 0.0107 0.0074 1.440 [1.321, 1.566] [1.305, 1.558]
  2008H2-E  tabpfn@t1/20260911     50,000 0.0105 0.0107 0.984 [0.902, 1.071] [0.912, 1.070]
  2008H2-E  tabpfn@t1/20260912     50,000 0.0110 0.0112 0.981 [0.901, 1.066] [0.906, 1.062]
  2008H2-E  tabpfn@t1/20260913     50,000 0.0107 0.0109 0.983 [0.902, 1.070] [0.894, 1.063]
  2008H2-E  tabicl/20260911        50,000 0.0105 0.0072 1.460 [1.338, 1.589] [1.352, 1.593]
  2008H2-E  tabicl/20260912        50,000 0.0110 0.0086 1.283 [1.178, 1.394] [1.183, 1.391]
  2008H2-E  tabicl/20260913        50,000 0.0107 0.0072 1.483 [1.361, 1.614] [1.346, 1.606]
  2008H2-E  tabicl@t1/20260911     50,000 0.0105 0.0106 0.993 [0.911, 1.082] [0.920, 1.082]
  2008H2-E  tabicl@t1/20260912     50,000 0.0110 0.0124 0.885 [0.813, 0.961] [0.815, 0.959]
  2008H2-E  tabicl@t1/20260913     50,000 0.0107 0.0106 1.012 [0.928, 1.101] [0.919, 1.092]
  2010H2-E  scorecard             465,066 0.0176 0.0176 1.000 [0.979, 1.022] [0.978, 1.020]
  2010H2-E  gbm                   465,066 0.0176 0.0176 1.000 [0.978, 1.022] [0.980, 1.020]
  2010H2-E  gbm-50k/20260911       50,000 0.0172 0.0173 0.995 [0.930, 1.063] [0.933, 1.049]
  2010H2-E  gbm-50k/20260912       50,000 0.0168 0.0168 0.999 [0.933, 1.068] [0.937, 1.064]
  2010H2-E  gbm-50k/20260913       50,000 0.0178 0.0179 0.994 [0.931, 1.061] [0.935, 1.052]
  2010H2-E  tabpfn/20260911        50,000 0.0172 0.0125 1.377 [1.287, 1.472] [1.290, 1.454]
  2010H2-E  tabpfn/20260912        50,000 0.0168 0.0120 1.398 [1.305, 1.495] [1.303, 1.488]
  2010H2-E  tabpfn/20260913        50,000 0.0178 0.0127 1.403 [1.313, 1.497] [1.317, 1.481]
  2010H2-E  tabpfn@t1/20260911     50,000 0.0172 0.0172 0.998 [0.933, 1.067] [0.936, 1.052]
  2010H2-E  tabpfn@t1/20260912     50,000 0.0168 0.0168 1.000 [0.934, 1.070] [0.935, 1.063]
  2010H2-E  tabpfn@t1/20260913     50,000 0.0178 0.0176 1.014 [0.949, 1.082] [0.951, 1.072]
  2010H2-E  tabicl/20260911        50,000 0.0172 0.0125 1.376 [1.286, 1.470] [1.290, 1.451]
  2010H2-E  tabicl/20260912        50,000 0.0168 0.0120 1.400 [1.308, 1.497] [1.306, 1.492]
  2010H2-E  tabicl/20260913        50,000 0.0178 0.0128 1.389 [1.300, 1.482] [1.303, 1.467]
  2010H2-E  tabicl@t1/20260911     50,000 0.0172 0.0173 0.994 [0.929, 1.062] [0.933, 1.049]
  2010H2-E  tabicl@t1/20260912     50,000 0.0168 0.0167 1.002 [0.936, 1.071] [0.937, 1.065]
  2010H2-E  tabicl@t1/20260913     50,000 0.0178 0.0177 1.004 [0.940, 1.072] [0.942, 1.060]
  2012H2-E  scorecard             564,228 0.0161 0.0161 1.000 [0.980, 1.021] [0.978, 1.017]
  2012H2-E  gbm                   564,228 0.0161 0.0161 0.998 [0.978, 1.018] [0.976, 1.015]
  2012H2-E  gbm-50k/20260911       50,000 0.0153 0.0154 0.995 [0.927, 1.068] [0.931, 1.054]
  2012H2-E  gbm-50k/20260912       50,000 0.0164 0.0165 0.994 [0.927, 1.063] [0.934, 1.055]
  2012H2-E  gbm-50k/20260913       50,000 0.0160 0.0161 0.995 [0.927, 1.065] [0.929, 1.052]
  2012H2-E  tabpfn/20260911        50,000 0.0153 0.0110 1.397 [1.300, 1.498] [1.303, 1.485]
  2012H2-E  tabpfn/20260912        50,000 0.0164 0.0119 1.385 [1.293, 1.482] [1.306, 1.472]
  2012H2-E  tabpfn/20260913        50,000 0.0160 0.0115 1.397 [1.302, 1.496] [1.304, 1.480]
  2012H2-E  tabpfn@t1/20260911     50,000 0.0153 0.0152 1.004 [0.934, 1.077] [0.936, 1.065]
  2012H2-E  tabpfn@t1/20260912     50,000 0.0164 0.0165 0.997 [0.931, 1.067] [0.940, 1.060]
  2012H2-E  tabpfn@t1/20260913     50,000 0.0160 0.0160 1.000 [0.933, 1.071] [0.933, 1.059]
  2012H2-E  tabicl/20260911        50,000 0.0153 0.0110 1.393 [1.297, 1.495] [1.301, 1.480]
  2012H2-E  tabicl/20260912        50,000 0.0164 0.0119 1.382 [1.290, 1.479] [1.303, 1.470]
  2012H2-E  tabicl/20260913        50,000 0.0160 0.0115 1.386 [1.292, 1.484] [1.292, 1.466]
  2012H2-E  tabicl@t1/20260911     50,000 0.0153 0.0153 1.001 [0.931, 1.073] [0.935, 1.061]
  2012H2-E  tabicl@t1/20260912     50,000 0.0164 0.0166 0.993 [0.927, 1.063] [0.936, 1.057]
  2012H2-E  tabicl@t1/20260913     50,000 0.0160 0.0161 0.991 [0.924, 1.062] [0.924, 1.048]
  2014H2-E  scorecard             662,396 0.0146 0.0146 1.000 [0.980, 1.020] [0.981, 1.021]
  2014H2-E  gbm                   662,396 0.0146 0.0147 0.998 [0.978, 1.018] [0.979, 1.018]
  2014H2-E  gbm-50k/20260911       50,000 0.0144 0.0145 0.995 [0.924, 1.069] [0.934, 1.063]
  2014H2-E  gbm-50k/20260912       50,000 0.0147 0.0148 0.991 [0.921, 1.065] [0.915, 1.055]
  2014H2-E  gbm-50k/20260913       50,000 0.0146 0.0147 0.992 [0.922, 1.067] [0.932, 1.055]
  2014H2-E  tabpfn/20260911        50,000 0.0144 0.0104 1.386 [1.287, 1.490] [1.302, 1.479]
  2014H2-E  tabpfn/20260912        50,000 0.0147 0.0104 1.408 [1.309, 1.513] [1.304, 1.497]
  2014H2-E  tabpfn/20260913        50,000 0.0146 0.0105 1.390 [1.291, 1.494] [1.306, 1.478]
  2014H2-E  tabpfn@t1/20260911     50,000 0.0144 0.0147 0.979 [0.910, 1.053] [0.920, 1.045]
  2014H2-E  tabpfn@t1/20260912     50,000 0.0147 0.0147 0.998 [0.928, 1.072] [0.923, 1.062]
  2014H2-E  tabpfn@t1/20260913     50,000 0.0146 0.0148 0.988 [0.918, 1.062] [0.930, 1.051]
  2014H2-E  tabicl/20260911        50,000 0.0144 0.0103 1.395 [1.295, 1.500] [1.313, 1.491]
  2014H2-E  tabicl/20260912        50,000 0.0147 0.0102 1.441 [1.339, 1.548] [1.329, 1.533]
  2014H2-E  tabicl/20260913        50,000 0.0146 0.0103 1.421 [1.320, 1.527] [1.336, 1.512]
  2014H2-E  tabicl@t1/20260911     50,000 0.0144 0.0146 0.984 [0.914, 1.058] [0.927, 1.051]
  2014H2-E  tabicl@t1/20260912     50,000 0.0147 0.0144 1.018 [0.946, 1.094] [0.939, 1.082]
  2014H2-E  tabicl@t1/20260913     50,000 0.0146 0.0145 1.008 [0.937, 1.083] [0.947, 1.074]
  2016H2-E  scorecard             759,434 0.0134 0.0134 1.000 [0.981, 1.020] [0.982, 1.020]
  2016H2-E  gbm                   759,434 0.0134 0.0134 0.999 [0.980, 1.018] [0.982, 1.018]
  2016H2-E  gbm-50k/20260911       50,000 0.0134 0.0135 0.991 [0.918, 1.068] [0.923, 1.068]
  2016H2-E  gbm-50k/20260912       50,000 0.0137 0.0138 0.993 [0.921, 1.070] [0.925, 1.066]
  2016H2-E  gbm-50k/20260913       50,000 0.0136 0.0137 0.996 [0.923, 1.073] [0.927, 1.063]
  2016H2-E  tabpfn/20260911        50,000 0.0134 0.0095 1.408 [1.304, 1.518] [1.308, 1.520]
  2016H2-E  tabpfn/20260912        50,000 0.0137 0.0097 1.412 [1.309, 1.521] [1.310, 1.521]
  2016H2-E  tabpfn/20260913        50,000 0.0136 0.0097 1.400 [1.298, 1.509] [1.290, 1.496]
  2016H2-E  tabpfn@t1/20260911     50,000 0.0134 0.0136 0.988 [0.915, 1.065] [0.919, 1.067]
  2016H2-E  tabpfn@t1/20260912     50,000 0.0137 0.0137 0.995 [0.922, 1.072] [0.924, 1.072]
  2016H2-E  tabpfn@t1/20260913     50,000 0.0136 0.0138 0.987 [0.914, 1.063] [0.910, 1.054]
  2016H2-E  tabicl/20260911        50,000 0.0134 0.0093 1.436 [1.330, 1.548] [1.331, 1.546]
  2016H2-E  tabicl/20260912        50,000 0.0137 0.0094 1.452 [1.346, 1.564] [1.346, 1.561]
  2016H2-E  tabicl/20260913        50,000 0.0136 0.0095 1.430 [1.325, 1.541] [1.316, 1.525]
  2016H2-E  tabicl@t1/20260911     50,000 0.0134 0.0133 1.010 [0.936, 1.089] [0.938, 1.088]
  2016H2-E  tabicl@t1/20260912     50,000 0.0137 0.0134 1.024 [0.949, 1.103] [0.951, 1.102]
  2016H2-E  tabicl@t1/20260913     50,000 0.0136 0.0136 1.003 [0.929, 1.080] [0.923, 1.069]
  2018H2-E  scorecard             856,861 0.0124 0.0124 1.000 [0.981, 1.019] [0.984, 1.019]
  2018H2-E  gbm                   856,861 0.0124 0.0124 0.999 [0.980, 1.018] [0.983, 1.018]
  2018H2-E  gbm-50k/20260911       50,000 0.0116 0.0117 0.994 [0.915, 1.078] [0.931, 1.071]
  2018H2-E  gbm-50k/20260912       50,000 0.0122 0.0123 0.993 [0.916, 1.074] [0.915, 1.054]
  2018H2-E  gbm-50k/20260913       50,000 0.0123 0.0124 0.996 [0.919, 1.077] [0.931, 1.059]
  2018H2-E  tabpfn/20260911        50,000 0.0116 0.0081 1.427 [1.314, 1.548] [1.324, 1.563]
  2018H2-E  tabpfn/20260912        50,000 0.0122 0.0086 1.427 [1.317, 1.544] [1.319, 1.523]
  2018H2-E  tabpfn/20260913        50,000 0.0123 0.0088 1.402 [1.294, 1.517] [1.303, 1.506]
  2018H2-E  tabpfn@t1/20260911     50,000 0.0116 0.0116 0.995 [0.916, 1.079] [0.924, 1.087]
  2018H2-E  tabpfn@t1/20260912     50,000 0.0122 0.0124 0.988 [0.911, 1.069] [0.913, 1.054]
  2018H2-E  tabpfn@t1/20260913     50,000 0.0123 0.0126 0.980 [0.905, 1.060] [0.910, 1.054]
  2018H2-E  tabicl/20260911        50,000 0.0116 0.0079 1.474 [1.357, 1.599] [1.367, 1.613]
  2018H2-E  tabicl/20260912        50,000 0.0122 0.0083 1.463 [1.350, 1.584] [1.351, 1.560]
  2018H2-E  tabicl/20260913        50,000 0.0123 0.0082 1.504 [1.388, 1.626] [1.398, 1.616]
  2018H2-E  tabicl@t1/20260911     50,000 0.0116 0.0114 1.020 [0.939, 1.106] [0.947, 1.114]
  2018H2-E  tabicl@t1/20260912     50,000 0.0122 0.0121 1.010 [0.932, 1.093] [0.933, 1.077]
  2018H2-E  tabicl@t1/20260913     50,000 0.0123 0.0118 1.043 [0.963, 1.128] [0.969, 1.122]
  2004H2-R  scorecard              96,581 0.0117 0.0117 1.000 [0.943, 1.060] [0.954, 1.058]
  2004H2-R  gbm                    96,581 0.0117 0.0117 1.000 [0.942, 1.059] [0.953, 1.055]
  2004H2-R  gbm-50k/20260911       50,000 0.0112 0.0113 0.997 [0.917, 1.082] [0.932, 1.076]
  2004H2-R  gbm-50k/20260912       50,000 0.0108 0.0108 0.997 [0.915, 1.085] [0.910, 1.100]
  2004H2-R  gbm-50k/20260913       50,000 0.0118 0.0118 0.998 [0.919, 1.081] [0.922, 1.074]
  2004H2-R  tabpfn/20260911        50,000 0.0112 0.0080 1.397 [1.285, 1.517] [1.306, 1.511]
  2004H2-R  tabpfn/20260912        50,000 0.0108 0.0076 1.411 [1.295, 1.535] [1.292, 1.554]
  2004H2-R  tabpfn/20260913        50,000 0.0118 0.0085 1.390 [1.280, 1.506] [1.281, 1.499]
  2004H2-R  tabpfn@t1/20260911     50,000 0.0112 0.0115 0.980 [0.901, 1.064] [0.918, 1.059]
  2004H2-R  tabpfn@t1/20260912     50,000 0.0108 0.0109 0.991 [0.909, 1.078] [0.906, 1.093]
  2004H2-R  tabpfn@t1/20260913     50,000 0.0118 0.0119 0.987 [0.909, 1.069] [0.908, 1.067]
  2004H2-R  tabicl/20260911        50,000 0.0112 0.0080 1.401 [1.288, 1.521] [1.310, 1.515]
  2004H2-R  tabicl/20260912        50,000 0.0108 0.0075 1.433 [1.315, 1.559] [1.314, 1.576]
  2004H2-R  tabicl/20260913        50,000 0.0118 0.0079 1.495 [1.377, 1.620] [1.376, 1.609]
  2004H2-R  tabicl@t1/20260911     50,000 0.0112 0.0114 0.982 [0.903, 1.066] [0.919, 1.062]
  2004H2-R  tabicl@t1/20260912     50,000 0.0108 0.0107 1.002 [0.920, 1.090] [0.918, 1.106]
  2004H2-R  tabicl@t1/20260913     50,000 0.0118 0.0111 1.057 [0.973, 1.145] [0.973, 1.141]
  2006H2-R  scorecard              96,844 0.0055 0.0055 1.000 [0.917, 1.088] [0.907, 1.082]
  2006H2-R  gbm                    96,844 0.0055 0.0055 0.999 [0.916, 1.087] [0.910, 1.079]
  2006H2-R  gbm-50k/20260911       50,000 0.0059 0.0059 0.993 [0.883, 1.113] [0.893, 1.101]
  2006H2-R  gbm-50k/20260912       50,000 0.0056 0.0056 1.002 [0.888, 1.126] [0.877, 1.099]
  2006H2-R  gbm-50k/20260913       50,000 0.0055 0.0055 0.999 [0.884, 1.124] [0.887, 1.123]
  2006H2-R  tabpfn/20260911        50,000 0.0059 0.0038 1.531 [1.361, 1.716] [1.378, 1.703]
  2006H2-R  tabpfn/20260912        50,000 0.0056 0.0036 1.535 [1.361, 1.726] [1.336, 1.684]
  2006H2-R  tabpfn/20260913        50,000 0.0055 0.0036 1.534 [1.358, 1.726] [1.358, 1.717]
  2006H2-R  tabpfn@t1/20260911     50,000 0.0059 0.0060 0.982 [0.873, 1.100] [0.883, 1.091]
  2006H2-R  tabpfn@t1/20260912     50,000 0.0056 0.0057 0.978 [0.867, 1.099] [0.851, 1.072]
  2006H2-R  tabpfn@t1/20260913     50,000 0.0055 0.0057 0.965 [0.855, 1.086] [0.853, 1.080]
  2006H2-R  tabicl/20260911        50,000 0.0059 0.0036 1.634 [1.453, 1.832] [1.475, 1.814]
  2006H2-R  tabicl/20260912        50,000 0.0056 0.0033 1.678 [1.488, 1.887] [1.456, 1.840]
  2006H2-R  tabicl/20260913        50,000 0.0055 0.0032 1.692 [1.498, 1.904] [1.504, 1.890]
  2006H2-R  tabicl@t1/20260911     50,000 0.0059 0.0057 1.032 [0.917, 1.156] [0.929, 1.144]
  2006H2-R  tabicl@t1/20260912     50,000 0.0056 0.0053 1.052 [0.933, 1.183] [0.914, 1.155]
  2006H2-R  tabicl@t1/20260913     50,000 0.0055 0.0052 1.049 [0.929, 1.180] [0.930, 1.173]
  2008H2-R  scorecard              95,615 0.0129 0.0129 1.000 [0.945, 1.057] [0.951, 1.057]
  2008H2-R  gbm                    95,615 0.0129 0.0129 0.998 [0.944, 1.055] [0.949, 1.056]
  2008H2-R  gbm-50k/20260911       50,000 0.0127 0.0127 0.996 [0.921, 1.076] [0.922, 1.064]
  2008H2-R  gbm-50k/20260912       50,000 0.0131 0.0131 0.997 [0.923, 1.076] [0.934, 1.060]
  2008H2-R  gbm-50k/20260913       50,000 0.0125 0.0125 0.996 [0.920, 1.077] [0.926, 1.070]
  2008H2-R  tabpfn/20260911        50,000 0.0127 0.0087 1.456 [1.346, 1.573] [1.344, 1.557]
  2008H2-R  tabpfn/20260912        50,000 0.0131 0.0089 1.468 [1.359, 1.585] [1.374, 1.564]
  2008H2-R  tabpfn/20260913        50,000 0.0125 0.0085 1.469 [1.357, 1.588] [1.368, 1.582]
  2008H2-R  tabpfn@t1/20260911     50,000 0.0127 0.0128 0.990 [0.914, 1.069] [0.914, 1.057]
  2008H2-R  tabpfn@t1/20260912     50,000 0.0131 0.0131 0.995 [0.921, 1.074] [0.932, 1.060]
  2008H2-R  tabpfn@t1/20260913     50,000 0.0125 0.0124 1.004 [0.927, 1.085] [0.935, 1.079]
  2008H2-R  tabicl/20260911        50,000 0.0127 0.0088 1.442 [1.333, 1.558] [1.330, 1.540]
  2008H2-R  tabicl/20260912        50,000 0.0131 0.0089 1.476 [1.366, 1.593] [1.379, 1.573]
  2008H2-R  tabicl/20260913        50,000 0.0125 0.0086 1.448 [1.337, 1.566] [1.351, 1.557]
  2008H2-R  tabicl@t1/20260911     50,000 0.0127 0.0130 0.980 [0.905, 1.058] [0.904, 1.047]
  2008H2-R  tabicl@t1/20260912     50,000 0.0131 0.0131 1.002 [0.927, 1.081] [0.937, 1.068]
  2008H2-R  tabicl@t1/20260913     50,000 0.0125 0.0126 0.989 [0.913, 1.069] [0.922, 1.061]
  2010H2-R  scorecard              96,515 0.0448 0.0448 1.000 [0.971, 1.030] [0.975, 1.028]
  2010H2-R  gbm                    96,515 0.0448 0.0448 1.000 [0.971, 1.029] [0.975, 1.026]
  2010H2-R  gbm-50k/20260911       50,000 0.0461 0.0462 0.999 [0.960, 1.040] [0.958, 1.031]
  2010H2-R  gbm-50k/20260912       50,000 0.0441 0.0441 0.999 [0.959, 1.041] [0.959, 1.040]
  2010H2-R  gbm-50k/20260913       50,000 0.0433 0.0434 0.999 [0.958, 1.041] [0.956, 1.035]
  2010H2-R  tabpfn/20260911        50,000 0.0461 0.0371 1.244 [1.195, 1.295] [1.193, 1.283]
  2010H2-R  tabpfn/20260912        50,000 0.0441 0.0355 1.244 [1.194, 1.296] [1.193, 1.294]
  2010H2-R  tabpfn/20260913        50,000 0.0433 0.0346 1.251 [1.200, 1.303] [1.195, 1.296]
  2010H2-R  tabpfn@t1/20260911     50,000 0.0461 0.0457 1.009 [0.969, 1.050] [0.968, 1.040]
  2010H2-R  tabpfn@t1/20260912     50,000 0.0441 0.0439 1.005 [0.964, 1.047] [0.963, 1.046]
  2010H2-R  tabpfn@t1/20260913     50,000 0.0433 0.0429 1.008 [0.967, 1.051] [0.964, 1.045]
  2010H2-R  tabicl/20260911        50,000 0.0461 0.0387 1.191 [1.144, 1.239] [1.143, 1.228]
  2010H2-R  tabicl/20260912        50,000 0.0441 0.0390 1.132 [1.086, 1.179] [1.086, 1.176]
  2010H2-R  tabicl/20260913        50,000 0.0433 0.0439 0.985 [0.945, 1.027] [0.943, 1.022]
  2010H2-R  tabicl@t1/20260911     50,000 0.0461 0.0477 0.967 [0.929, 1.006] [0.928, 0.998]
  2010H2-R  tabicl@t1/20260912     50,000 0.0441 0.0479 0.921 [0.884, 0.959] [0.885, 0.958]
  2010H2-R  tabicl@t1/20260913     50,000 0.0433 0.0534 0.811 [0.777, 0.845] [0.776, 0.841]
  2012H2-R  scorecard              99,162 0.0092 0.0092 1.000 [0.936, 1.067] [0.928, 1.064]
  2012H2-R  gbm                    99,162 0.0092 0.0092 0.997 [0.933, 1.063] [0.927, 1.062]
  2012H2-R  gbm-50k/20260911       50,000 0.0095 0.0096 0.993 [0.906, 1.086] [0.912, 1.070]
  2012H2-R  gbm-50k/20260912       50,000 0.0092 0.0092 0.996 [0.907, 1.091] [0.907, 1.082]
  2012H2-R  gbm-50k/20260913       50,000 0.0092 0.0093 0.994 [0.905, 1.088] [0.916, 1.091]
  2012H2-R  tabpfn/20260911        50,000 0.0095 0.0065 1.454 [1.326, 1.590] [1.337, 1.566]
  2012H2-R  tabpfn/20260912        50,000 0.0092 0.0062 1.473 [1.342, 1.613] [1.342, 1.607]
  2012H2-R  tabpfn/20260913        50,000 0.0092 0.0062 1.475 [1.344, 1.616] [1.363, 1.619]
  2012H2-R  tabpfn@t1/20260911     50,000 0.0095 0.0095 0.995 [0.908, 1.088] [0.917, 1.072]
  2012H2-R  tabpfn@t1/20260912     50,000 0.0092 0.0092 0.995 [0.907, 1.090] [0.905, 1.084]
  2012H2-R  tabpfn@t1/20260913     50,000 0.0092 0.0092 1.002 [0.913, 1.098] [0.925, 1.100]
  2012H2-R  tabicl/20260911        50,000 0.0095 0.0064 1.474 [1.345, 1.612] [1.354, 1.588]
  2012H2-R  tabicl/20260912        50,000 0.0092 0.0069 1.330 [1.212, 1.457] [1.213, 1.453]
  2012H2-R  tabicl/20260913        50,000 0.0092 0.0063 1.465 [1.335, 1.604] [1.353, 1.606]
  2012H2-R  tabicl@t1/20260911     50,000 0.0095 0.0094 1.006 [0.918, 1.101] [0.927, 1.085]
  2012H2-R  tabicl@t1/20260912     50,000 0.0092 0.0101 0.906 [0.825, 0.992] [0.824, 0.988]
  2012H2-R  tabicl@t1/20260913     50,000 0.0092 0.0093 0.994 [0.906, 1.089] [0.918, 1.091]
  2014H2-R  scorecard              98,168 0.0063 0.0063 1.000 [0.923, 1.082] [0.929, 1.076]
  2014H2-R  gbm                    98,168 0.0063 0.0063 0.993 [0.917, 1.075] [0.927, 1.069]
  2014H2-R  gbm-50k/20260911       50,000 0.0068 0.0068 0.992 [0.890, 1.104] [0.887, 1.074]
  2014H2-R  gbm-50k/20260912       50,000 0.0067 0.0068 0.991 [0.889, 1.103] [0.898, 1.083]
  2014H2-R  gbm-50k/20260913       50,000 0.0061 0.0061 0.992 [0.884, 1.110] [0.891, 1.116]
  2014H2-R  tabpfn/20260911        50,000 0.0068 0.0046 1.478 [1.325, 1.644] [1.330, 1.599]
  2014H2-R  tabpfn/20260912        50,000 0.0067 0.0046 1.454 [1.303, 1.618] [1.318, 1.593]
  2014H2-R  tabpfn/20260913        50,000 0.0061 0.0041 1.477 [1.316, 1.652] [1.322, 1.671]
  2014H2-R  tabpfn@t1/20260911     50,000 0.0068 0.0069 0.981 [0.880, 1.091] [0.882, 1.062]
  2014H2-R  tabpfn@t1/20260912     50,000 0.0067 0.0069 0.980 [0.878, 1.090] [0.889, 1.073]
  2014H2-R  tabpfn@t1/20260913     50,000 0.0061 0.0062 0.975 [0.868, 1.091] [0.872, 1.102]
  2014H2-R  tabicl/20260911        50,000 0.0068 0.0043 1.578 [1.415, 1.755] [1.422, 1.703]
  2014H2-R  tabicl/20260912        50,000 0.0067 0.0044 1.514 [1.357, 1.684] [1.374, 1.657]
  2014H2-R  tabicl/20260913        50,000 0.0061 0.0038 1.599 [1.424, 1.789] [1.431, 1.808]
  2014H2-R  tabicl@t1/20260911     50,000 0.0068 0.0065 1.037 [0.930, 1.153] [0.933, 1.120]
  2014H2-R  tabicl@t1/20260912     50,000 0.0067 0.0066 1.012 [0.907, 1.125] [0.918, 1.107]
  2014H2-R  tabicl@t1/20260913     50,000 0.0061 0.0058 1.041 [0.928, 1.165] [0.932, 1.177]
  2016H2-R  scorecard              97,038 0.0048 0.0048 1.000 [0.911, 1.095] [0.907, 1.097]
  2016H2-R  gbm                    97,038 0.0048 0.0048 0.996 [0.908, 1.091] [0.905, 1.095]
  2016H2-R  gbm-50k/20260911       50,000 0.0048 0.0048 0.992 [0.870, 1.125] [0.875, 1.107]
  2016H2-R  gbm-50k/20260912       50,000 0.0046 0.0046 0.991 [0.868, 1.128] [0.870, 1.101]
  2016H2-R  gbm-50k/20260913       50,000 0.0050 0.0051 0.993 [0.874, 1.124] [0.846, 1.104]
  2016H2-R  tabpfn/20260911        50,000 0.0048 0.0030 1.609 [1.412, 1.825] [1.429, 1.789]
  2016H2-R  tabpfn/20260912        50,000 0.0046 0.0029 1.601 [1.401, 1.821] [1.408, 1.776]
  2016H2-R  tabpfn/20260913        50,000 0.0050 0.0032 1.592 [1.401, 1.801] [1.358, 1.772]
  2016H2-R  tabpfn@t1/20260911     50,000 0.0048 0.0048 0.994 [0.872, 1.128] [0.881, 1.105]
  2016H2-R  tabpfn@t1/20260912     50,000 0.0046 0.0047 0.985 [0.862, 1.120] [0.866, 1.093]
  2016H2-R  tabpfn@t1/20260913     50,000 0.0050 0.0051 0.983 [0.865, 1.112] [0.838, 1.094]
  2016H2-R  tabicl/20260911        50,000 0.0048 0.0028 1.721 [1.510, 1.953] [1.528, 1.919]
  2016H2-R  tabicl/20260912        50,000 0.0046 0.0026 1.737 [1.521, 1.976] [1.526, 1.921]
  2016H2-R  tabicl/20260913        50,000 0.0050 0.0029 1.706 [1.502, 1.930] [1.452, 1.895]
  2016H2-R  tabicl@t1/20260911     50,000 0.0048 0.0046 1.047 [0.919, 1.188] [0.929, 1.167]
  2016H2-R  tabicl@t1/20260912     50,000 0.0046 0.0044 1.050 [0.919, 1.195] [0.923, 1.163]
  2016H2-R  tabicl@t1/20260913     50,000 0.0050 0.0048 1.038 [0.914, 1.175] [0.884, 1.154]
  2018H2-R  scorecard              97,427 0.0045 0.0045 1.000 [0.909, 1.098] [0.911, 1.098]
  2018H2-R  gbm                    97,427 0.0045 0.0045 0.996 [0.905, 1.094] [0.908, 1.095]
  2018H2-R  gbm-50k/20260911       50,000 0.0044 0.0045 0.992 [0.866, 1.131] [0.836, 1.137]
  2018H2-R  gbm-50k/20260912       50,000 0.0048 0.0049 0.992 [0.871, 1.125] [0.869, 1.132]
  2018H2-R  gbm-50k/20260913       50,000 0.0047 0.0047 0.997 [0.874, 1.133] [0.886, 1.123]
  2018H2-R  tabpfn/20260911        50,000 0.0044 0.0027 1.615 [1.410, 1.841] [1.369, 1.849]
  2018H2-R  tabpfn/20260912        50,000 0.0048 0.0031 1.576 [1.384, 1.787] [1.383, 1.804]
  2018H2-R  tabpfn/20260913        50,000 0.0047 0.0029 1.609 [1.410, 1.829] [1.423, 1.813]
  2018H2-R  tabpfn@t1/20260911     50,000 0.0044 0.0046 0.972 [0.849, 1.109] [0.823, 1.115]
  2018H2-R  tabpfn@t1/20260912     50,000 0.0048 0.0049 0.978 [0.859, 1.109] [0.859, 1.119]
  2018H2-R  tabpfn@t1/20260913     50,000 0.0047 0.0048 0.969 [0.849, 1.101] [0.857, 1.093]
  2018H2-R  tabicl/20260911        50,000 0.0044 0.0025 1.789 [1.562, 2.040] [1.516, 2.051]
  2018H2-R  tabicl/20260912        50,000 0.0048 0.0029 1.697 [1.490, 1.924] [1.489, 1.936]
  2018H2-R  tabicl/20260913        50,000 0.0047 0.0027 1.750 [1.533, 1.988] [1.548, 1.971]
  2018H2-R  tabicl@t1/20260911     50,000 0.0044 0.0042 1.059 [0.924, 1.207] [0.896, 1.215]
  2018H2-R  tabicl@t1/20260912     50,000 0.0048 0.0047 1.040 [0.914, 1.180] [0.914, 1.187]
  2018H2-R  tabicl@t1/20260913     50,000 0.0047 0.0045 1.031 [0.904, 1.172] [0.912, 1.162]

H5, arm E: the criterion's contexts by the build run's pool rate, highest 2010H2-E (pool 0.0176, draws 0.0173), lowest 2006H2-E (pool 0.0096, draws 0.0092); seeds [20260911, 20260912, 20260913]; 200 resamples in 0s

H5, arm R: the criterion's contexts by the build run's pool rate, highest 2010H2-R (pool 0.0448, draws 0.0445), lowest 2018H2-R (pool 0.0045, draws 0.0047); seeds [20260911, 20260912, 20260913]; 200 resamples in 0s

H5: O/E of the highest-rate context minus the lowest's (value [lo, hi], * excludes zero, ? star changes with the bootstrap seed); a model@t1 row is the reading at 1.0:
  arm E                    gbm-50k     high 0.996  low 0.992  +0.004 [-0.112, +0.108]     known answer
  arm E                    tabpfn      high 1.392  low 1.441  -0.048 [-0.222, +0.098]   
  arm E                    tabpfn@t1   high 1.004  low 0.976  +0.028 [-0.089, +0.132]   
  arm E                    tabicl      high 1.389  low 1.474  -0.086 [-0.292, +0.095]   
  arm E                    tabicl@t1   high 1.000  low 0.995  +0.005 [-0.136, +0.131]   
  arm R                    gbm-50k     high 0.999  low 0.993  +0.006 [-0.136, +0.123]     known answer
  arm R                    tabpfn      high 1.246  low 1.600  -0.354 [-0.578, -0.177] * 
  arm R                    tabpfn@t1   high 1.007  low 0.973  +0.034 [-0.105, +0.146]   
  arm R                    tabicl      high 1.102  low 1.745  -0.643 [-0.918, -0.405] * 
  arm R                    tabicl@t1   high 0.899  low 1.043  -0.144 [-0.312, +0.005]   

cohort cells          : 7242 read in 11s

wall                  : 34s
